-4.234216932
0.668906302
5.672918345
0.929028593
3.016429727
5.78065582
-0.460758027
-8.431231298
-0.265001268
-8.921306609
9.322688093
2.991168986
3.735800666
5.691271603
-8.225184013
7.352685036
2.56108485
-1.899539767
0.714774498
4.59057186
4.069408834
3.661623029
3.26181572
-6.057427375
-7.483000678
15.21876394
6.600898708
6.102159161
7.533207802
10.94471772
-5.778629087
-3.044914277
11.22578006
4.712644708
0.443099826
-0.13352579
1.588454895
6.043579993
-1.201231318
6.139023407
2.980263368
4.218664452
-5.787601194
7.983580135
1.996847478
1.023312026
-8.630478853
-4.475955151
4.53863794
-13.4889232
-1.586587976
-9.082654159
12.76808807
-5.132183379
-10.69603241
4.186750795
5.544152955
-9.230978495
10.90782464
-0.359784474
