1	244.553955	0	67731900
2	244.783493	0.000938599	57053600
3	242.901047	-0.007690249	82182300
4	243.332657	0.001776896	74203400
5	241.698074	-0.006717483	86368900
6	241.165375	-0.002203985	136311500
7	244.287643	0.012946585	91222100
8	245.11412	0.003383212	55304900
9	245.11412	0	67499200
10	247.483368	0.009665898	59666100
11	249.797455	0.009350475	72063900
12	250.559708	0.003051484	59871500
13	250.679047	0.00047629	54790600
14	248.952698	-0.00688669	87036100
15	249.999557	0.004205052	53942600
16	249.7883	-0.000845029	56536400
17	249.163849	-0.002499921	64368000
18	251.037231	0.007518675	58025900
19	250.339294	-0.002780213	52966400
20	251.02803	0.00275121	64694200
21	250.513779	-0.00204858	76043800
22	249.916901	-0.002382615	56374800
23	247.042557	-0.011501199	115908600
24	250.339294	0.013344814	69678400
25	248.80571	-0.006126022	93519900
26	251.248428	0.009817773	71258400
27	252.442245	0.00475154	45385200
28	252.625916	0.000727576	51135000
29	254.738022	0.008360607	62732200
30	254.710434	-0.000108299	72969400
31	255.46344	0.002956322	72139700
32	255.803192	0.001329944	58892500
33	256.13382	0.001292509	72329000
34	255.316544	-0.003190816	79070600
35	255.959351	0.002517686	77097600
36	255.632828	-0.001275683	120041600
37	255.106964	-0.002057107	52917600
38	254.129257	-0.003832537	97531500
39	254.56279	0.001705955	53785500
40	252.966995	-0.006268768	71061400
41	253.428207	0.00182321	54898500
42	249.978241	-0.013613189	137854200
43	250.531738	0.002214181	68547400
44	248.456314	-0.008284076	105110700
45	249.876846	0.005717432	76650500
46	250.236511	0.001439369	97592500
47	250.771591	0.002138297	63554800
48	249.886063	-0.003531213	42187100
49	251.924545	0.008157646	56925900
50	254.055435	0.008458445	66493700
51	256.343048	0.009004385	50550400
52	257.265472	0.003598397	51966800
53	255.383682	-0.007314584	77054700
54	257.699066	0.009066296	60124700
55	257.901947	0.000787279	48216000
56	257.671356	-0.000894103	48201000
57	258.713654	0.004045067	52315500
58	259.257874	0.002103561	44593500
59	258.280151	-0.003771237	61412100
60	257.984985	-0.001142813	82337700
61	258.46463	0.001859197	47047600
62	259.765259	0.005032135	68026900
63	261.979126	0.008522568	78882900
64	261.361053	-0.002359245	57919500
65	259.589996	-0.006776285	76768700
66	258.23407	-0.005223337	63742500
67	259.506958	0.004929202	68570500
68	259.073425	-0.001670603	53853300
69	260.484833	0.005447907	63426400
70	261.600922	0.00428466	53935400
71	262.560211	0.003666994	39400900
72	263.427368	0.003302698	43196600
73	263.316559	-0.000420643	42114600
74	262.956848	-0.001366078	35717000
75	261.194977	-0.006700229	77076000
76	260.217255	-0.003743265	65732900
77	261.877655	0.006380822	43842000
78	259.922089	-0.007467479	102925400
79	262.025238	0.008091459	69967900
80	262.94754	0.003519898	65618500
81	263.510223	0.002139906	39807500
82	264.128357	0.002345769	67272000
83	263.971527	-0.000593764	44993300
84	263.621033	-0.001327772	49204900
85	265.207611	0.006018404	57487400
86	267.301575	0.007895565	57072400
87	267.430664	0.000482934	46943500
88	268.86972	0.005381043	61485500
89	267.781097	-0.004048887	61229500
90	267.790375	3.46477E-05	66140800
91	267.329193	-0.001722175	57594400
92	266.60968	-0.002691487	72452400
93	265.80719	-0.003009981	65909900
94	265.290558	-0.001943634	73524800
95	265.751831	0.001738746	50210900
96	266.628113	0.00329737	50530500
97	266.692719	0.000242308	59810800
98	268.269989	0.005914185	51034200
99	268.316223	0.000172341	55079900
100	266.895599	-0.005294589	68244000
101	268.343903	0.005426481	61930400
102	268.629761	0.001065267	49080600
103	270.806793	0.00810421	100360600
104	270.559357	-0.000913699	105479700
105	269.660461	-0.003322362	53409600
106	269.410339	-0.000927544	44370000
107	268.604187	-0.002992283	79739700
108	269.354828	0.002794599	59249500
109	269.382568	0.000102987	70091400
110	270.31839	0.003473952	62078900
111	270.160919	-0.000582539	47258200
112	270.309174	0.000548766	64694600
113	268.196503	-0.007815758	111545900
114	266.695374	-0.005597124	105951700
115	266.695374	0	87742200
116	266.306274	-0.001458968	74339000
117	257.874054	-0.031663618	214731000
118	252.194092	-0.022026109	274840500
119	255.696564	0.013888002	183186500
120	254.260361	-0.005616826	102263700
121	259.819916	0.021865599	118255800
122	259.866272	0.000178416	110626000
123	256.113586	-0.014440835	134557500
124	255.974533	-0.000542935	139901600
125	254.825577	-0.004488556	82415800
126	253.528336	-0.005090702	146352700
127	245.846786	-0.030298586	177806700
128	250.257431	0.017940625	138061500
129	245.856049	-0.017587418	201574600
130	244.493958	-0.005540197	160749100
131	248.116959	0.014818366	157116000
132	250.767044	0.010680789	128296300
133	253.435684	0.010641909	99495000
134	251.934616	-0.005922875	122634100
135	253.324448	0.005516638	65622500
136	254.927521	0.006328142	60085900
137	260.385223	0.021408838	102752100
138	259.912598	-0.001815099	65584900
139	257.373749	-0.009768088	98812600
140	252.564728	-0.018684971	99673600
141	252.092072	-0.001871425	98176600
142	250.368591	-0.006836712	125335900
143	252.981674	0.010436944	135101400
144	253.639511	0.002600335	126668000
145	249.349396	-0.016914222	103061700
146	244.734879	-0.018506229	136021300
147	245.568787	0.003407393	75563700
148	243.928711	-0.006678683	42807900
149	247.866882	0.016144762	79981400
150	248.700714	0.003364032	75502400
151	254.427109	0.023025246	127629600
152	253.871201	-0.00218494	82346400
153	255.418579	0.00609513	98204200
154	258.80072	0.013241562	103176300
155	250.414948	-0.032402429	177986000
156	250.035049	-0.001517078	204185400
157	244.225235	-0.023235998	161018900
158	244.688522	0.001896966	151445900
159	244.744125	0.00022724	121504400
160	245.976456	0.005035181	97976700
161	245.893097	-0.00033889	96662700
162	241.352722	-0.018464833	116961100
163	236.617844	-0.019618084	165492300
164	236.358337	-0.001096735	134515100
165	232.818741	-0.01497555	214992800
166	229.028931	-0.016277942	252053400
167	224.336212	-0.020489634	255345600
168	218.408569	-0.026423032	147311600
169	229.443649	0.050524941	218485400
170	231.205185	0.007677423	186267300
171	230.906937	-0.001289971	153100200
172	232.929382	0.008758702	144299400
173	233.171722	0.001040401	126925200
174	227.60759	-0.023862808	144140700
175	235.231445	0.03349561	142628800
176	237.086197	0.007884796	103139100
177	239.313675	0.009395224	102512600
178	240.432098	0.00467346	95006600
179	241.280258	0.003527649	96823900
180	241.373505	0.000386468	73858100
181	239.900864	-0.006101088	70908200
182	242.650314	0.011460776	85208300
183	243.237534	0.002420026	77636700
184	245.082916	0.007586749	96118400
185	248.344955	0.01330994	127900300
186	244.989655	-0.013510643	115531200
187	245.502304	0.002092533	86030300
188	245.632797	0.000531535	59204100
189	247.711166	0.008461285	96883400
190	245.828506	-0.007600223	85613700
191	245.502304	-0.001326949	66136300
192	249.388779	0.015830707	92473700
193	251.579025	0.008782456	104012100
194	251.700195	0.000481638	85782500
195	253.471085	0.007035712	60744800
196	254.533539	0.004191618	79552800
197	254.197983	-0.001318317	58347800
198	251.774734	-0.00953292	95482000
199	252.082321	0.001221675	75788900
200	252.222168	0.000554767	68021400
201	255.46553	0.012859147	72270200
202	256.294983	0.003246829	65277200
203	255.726517	-0.002218015	83234400
204	258.513245	0.010897298	97088700
205	258.960663	0.001730735	59120800
206	259.482574	0.002015406	76610800
207	258.559906	-0.003555799	64214700
208	260.162964	0.006199948	78114600
209	260.517059	0.001361051	69030700
210	260.33075	-0.000715151	56844100
211	260.218842	-0.000429869	56921600
212	259.734192	-0.001862471	69268300
213	261.355835	0.006243471	78880500
214	260.405273	-0.003637041	106494600
215	260.051056	-0.001360253	59114600
216	258.475983	-0.006056784	75039800
217	256.313629	-0.008365783	94885100
218	255.801102	-0.001999609	85795800
219	259.510529	0.014501216	65098900
220	260.489105	0.003770853	79667500
221	262.213287	0.006619018	80639200
222	262.045563	-0.000639647	67518400
223	263.34024	0.004940656	81309000
224	264.295044	0.003625743	62199800
225	264.360626	0.000248139	90268100
226	263.564819	-0.003010308	84609200
227	266.541748	0.011294865	79550400
228	261.411804	-0.019246306	122659300
229	261.21524	-0.000751932	85575200
230	263.162292	0.007453822	68125900
231	261.786224	-0.005228971	72224700
232	262.778503	0.003790417	56238500
233	264.435577	0.006305972	82186800
234	267.571472	0.011858824	77617900
235	267.702515	0.00048975	40070400
236	268.123901	0.001574083	68243200
237	268.835236	0.002653009	48997500
238	270.136475	0.004840284	58621700
239	270.342468	0.000762552	53566300
240	268.957001	-0.005124859	66142300
241	269.874359	0.003410798	52601500
242	269.799408	-0.000277726	55093100
243	271.624847	0.006765912	69727800
244	271.447021	-0.000654675	49596700
245	271.624847	0.000655104	52153200
246	270.960297	-0.002446573	58268300
247	271.493805	0.001968953	68708500
248	271.727875	0.000862156	40160100
249	274.171173	0.008991709	52246600
250	273.562744	-0.002219157	50392900
251	273.394257	-0.000615899	57770900
252	274.667297	0.004656426	50916400
253	275.0979	0.001567726	57197700
254	275.238373	0.000510629	81111700
255	273.169495	-0.007516677	71671900
256	272.579712	-0.002159037	65030200
257	275.247681	0.009787849	56543700
258	274.115051	-0.004114948	107198100
259	269.537323	-0.016700024	144729900
260	269.162933	-0.00138901	91568300
261	268.348511	-0.003025758	103471100
262	269.696533	0.0050234	112429300
263	262.919006	-0.025130197	127290500
264	265.296722	0.00904353	77003200
265	266.850586	0.00585708	73956400
266	269.322052	0.00926161	76749600
267	267.580902	-0.006464937	100353000
268	265.811615	-0.006612157	62877600
269	268.208008	0.009015381	46847100
270	267.384277	-0.003071239	49482500
271	264.117188	-0.012218703	98733800
272	264.716339	0.002268504	55268100
273	262.254333	-0.009300544	70029400
274	260.494415	-0.00671073	104972900
275	261.205841	0.00273106	62523800
276	257.686035	-0.013475219	86862800
277	257.030762	-0.002542912	96428000
278	262.610077	0.021706799	77231900
279	264.884766	0.00866185	71169700
280	266.6073	0.006502956	69430400
281	269.275269	0.010007112	74272200
282	270.510864	0.004588594	60799100
283	270.445374	-0.000242097	58641300
284	269.967926	-0.001765414	47096300
285	271.081879	0.004126242	48945200
286	270.782379	-0.001104832	52324700
287	270.885376	0.000380368	39205700
288	273.721771	0.010470831	85434800
289	274.33963	0.002257252	78674400
290	276.960785	0.009554416	116570000
291	276.558197	-0.001453592	83309500
292	276.219574	-0.001224419	47582700
293	273.510345	-0.009808244	82028700
294	273.23761	-0.000997165	51584900
295	274.206512	0.003546005	40355200
296	275.617523	0.005145797	59350900
297	278.11969	0.009078403	78705600
298	278.844055	0.002604508	61504500
299	281.073395	0.007994935	40898900
300	280.753571	-0.001137866	51677300
301	279.210907	-0.005494726	45841800
302	279.55896	0.001246559	41101300
303	280.894714	0.004778076	58448500
304	281.553101	0.002343892	50826100
305	282.813629	0.004477052	40326000
306	282.907684	0.000332569	33900000
307	281.995239	-0.003225239	36650100
308	280.076294	-0.006804884	36036300
309	281.101624	0.003660895	51392600
310	279.540131	-0.005554906	58678600
311	280.226776	0.002456338	43638100
312	282.230408	0.007150038	44564500
313	283.556732	0.004699437	47213200
314	282.202209	-0.004776903	55394100
315	284.093018	0.006700192	45084100
316	283.575623	-0.001821217	38126500
317	282.879547	-0.00245464	45849000
318	279.784668	-0.010940625	104245200
319	277.348358	-0.008707804	142646600
320	275.26001	-0.007529693	116749700
321	266.982147	-0.030072886	178745400
322	270.725983	0.014022795	120711700
323	270.885956	0.000590904	140572300
324	276.200714	0.01961991	87713900
325	274.319489	-0.006811079	93730000
326	270.97998	-0.012173794	65527600
327	275.194153	0.015551603	94299800
328	267.057373	-0.029567416	135622100
329	267.762878	0.002641773	99556600
330	271.713745	0.014755096	83018300
331	274.987244	0.012047602	53571800
332	272.880127	-0.007662599	51596400
333	275.100159	0.008135558	49524700
334	275.015472	-0.000307841	51666400
335	267.950989	-0.025687584	149161500
336	270.914093	0.011058381	72423800
337	269.851135	-0.003923598	66668900
338	271.751343	0.00704169	59696700
339	275.222412	0.01277296	57899400
340	275.100159	-0.000444197	62901200
341	273.491516	-0.005847481	69101400
342	276.595856	0.011350773	46887300
343	280.15155	0.012855196	83258100
344	280.36792	0.000772332	49584300
345	280.509033	0.000503314	51260300
346	280.443176	-0.000234777	57947100
347	282.437378	0.007110895	68821100
348	283.41571	0.00346389	72908700
349	283.227539	-0.00066394	62104800
350	282.352722	-0.003088743	58191200
351	283.067627	0.002531957	41475500
352	283.236938	0.000598129	73375800
353	283.218079	-6.65838E-05	76560500
354	281.879974	-0.004724645	89565000
355	281.813812	-0.000234717	43476800
356	279.602539	-0.007846574	94869400
357	281.256256	0.005914528	71854000
358	280.670349	-0.002083179	56179700
359	279.158295	-0.005387295	84746600
360	280.452972	0.004637788	51662400
361	277.117096	-0.0118946	88242400
362	272.221924	-0.017664634	122539500
363	274.452179	0.008192782	85278800
364	278.166077	0.01353204	65091200
365	276.965942	-0.004314455	59610500
366	272.666077	-0.015524887	95708100
367	275.255402	0.009496322	62359400
368	277.117096	0.006763515	55296300
369	279.98996	0.010366968	98720400
370	279.678131	-0.001113715	40394800
371	282.447021	0.009900274	46754500
372	281.993408	-0.001606011	48928200
373	282.825073	0.002949236	45736600
374	281.587067	-0.004377285	64304000
375	283.495972	0.006779093	39048600
376	282.569885	-0.003266667	48594700
377	283.392059	0.002909631	34352200
378	283.855072	0.001633825	35453100
379	285.017487	0.0040951	45205400
380	286.623993	0.005636517	42147000
381	286.538971	-0.000296633	44284900
382	287.417847	0.003067213	49643900
383	286.652344	-0.00266338	69053800
384	289.307861	0.009263894	71141500
385	290.470215	0.004017706	60606900
386	290.148926	-0.0011061	42933200
387	290.215057	0.000227921	46487100
388	291.235626	0.003516596	54272300
389	291.953888	0.002466257	49032100
390	291.396362	-0.001909637	35797300
391	292.01059	0.002107878	46484600
392	292.105194	0.000323975	53917700
393	292.530396	0.001455647	51219900
394	294.647186	0.007236137	62023600
395	294.864563	0.000737754	49228000
396	294.779572	-0.000288237	67804700
397	293.683228	-0.003719199	79406200
398	293.210724	-0.00160889	54664700
399	293.862854	0.0022241	44850200
400	296.14032	0.007750098	48647200
401	296.811249	0.002265578	37569000
402	298.134308	0.004457577	44444600
403	297.028595	-0.003708775	36592700
404	294.505432	-0.00849468	75767800
405	292.530396	-0.00670628	73941700
406	294.335297	0.006169961	49080000
407	294.864563	0.001798174	40709000
408	297.557861	0.009134017	48927000
409	296.622314	-0.003144084	34838500
410	296.291534	-0.001115155	52649800
411	297.132629	0.002838741	53429100
412	299.693634	0.008619064	96389600
413	299.873199	0.000599162	81503900
414	301.933258	0.006869767	82749700
415	301.999451	0.000219231	61097700
416	302.018402	6.27518E-05	48133000
417	303.256287	0.004098707	85310500
418	304.585907	0.004384476	147142100
419	305.051178	0.001527553	52990000
420	305.060669	3.11128E-05	20270000
421	306.684601	0.005323308	30911200
422	306.608612	-0.000247776	42528800
423	304.918182	-0.005513315	49729100
424	305.658936	0.002429353	57077300
425	308.517456	0.009351992	59151200
426	306.181274	-0.007572285	77709700
427	307.349335	0.003814933	55653900
428	306.485199	-0.002811576	40496400
429	308.118652	0.005329631	68296000
430	310.207855	0.006780515	48473300
431	309.315125	-0.002877845	53029300
432	311.442444	0.006877514	47086800
433	310.96756	-0.001524789	62832800
434	311.670349	0.002260007	72056600
435	314.262909	0.008318276	54050300
436	315.241119	0.003112712	95846000
437	314.623779	-0.001958311	77742400
438	314.661713	0.000120569	48914900
439	315.022614	0.001146949	51963000
440	312.22113	-0.008892962	87578400
441	307.2164	-0.01602944	84062500
442	310.435791	0.010479229	63834000
443	310.179413	-0.000825865	53888900
444	311.185974	0.003245093	75491800
445	305.535461	-0.018157994	113845600
446	307.805206	0.007428745	69083000
447	312.496521	0.015241181	62573200
448	316.105286	0.011548177	65951100
449	317.168884	0.003364695	50359700
450	315.478577	-0.005329359	64139400
451	317.83371	0.007465271	42070000
452	318.384491	0.001732922	54864500
453	320.43573	0.006442647	43992700
454	320.093842	-0.001066947	54501900
455	320.606659	0.001602083	64582200
456	319.780579	-0.002576615	57226200
457	321.309418	0.0047809	48814700
458	319.98941	-0.004108214	74163400
459	316.694092	-0.01029821	113788200
460	306.190765	-0.033165529	161088400
461	296.912567	-0.030302018	218913200
462	295.820435	-0.003678295	194773800
463	282.534668	-0.044911593	284353500
464	281.347565	-0.004201619	384975800
465	293.531799	0.043306698	238703600
466	285.127197	-0.02863268	300139100
467	297.111938	0.042032963	176613400
468	287.235474	-0.033241559	186366800
469	282.487122	-0.016531217	228667200
470	260.426453	-0.078094424	309417300
471	273.90213	0.051744655	276444100
472	260.549866	-0.048748303	255316300
473	235.621231	-0.095677021	392220700
474	255.763596	0.085486206	329566100
475	227.777023	-0.109423598	297240000
476	240.07515	0.053991956	262070500
477	227.919449	-0.0506329	327597100
478	228.403778	0.002125001	289322000
479	218.560898	-0.043094208	347158800
480	212.972687	-0.02556821	326025200
481	232.268707	0.090603261	235494500
482	235.745789	0.014970084	299430300
483	249.510956	0.058389874	257632800
484	242.079117	-0.029785622	224341200
485	249.940796	0.03247566	171369500
486	246.215363	-0.014905262	194881100
487	235.134445	-0.045004982	189554600
488	240.560272	0.023075424	177660400
489	237.083191	-0.014454095	135561200
490	253.007156	0.067166149	188061200
491	253.26503	0.001019236	201427200
492	261.766785	0.03356861	153774500
493	265.750183	0.015217355	189999200
494	263.323914	-0.009129886	114839100
495	271.089996	0.029492506	134143400
496	265.329865	-0.02124804	121775000
497	266.609924	0.004824406	131798300
498	273.812469	0.027015292	146684800
499	268.988434	-0.017618025	100109300
500	260.821106	-0.03036312	126385700
501	266.609924	0.022194592	92951600
502	266.590759	-7.1884E-05	104709700
503	270.306671	0.013938638	85063200
504	274.204102	0.014418553	77896600
505	272.943237	-0.004598272	105270000
506	280.08844	0.026178348	118745600
507	277.480621	-0.009310698	122901700
508	270.134735	-0.02647351	125180000
509	270.879852	0.002758316	80873200
510	273.382629	0.009239436	79569900
511	271.529419	-0.006778814	73632600
512	274.805908	0.012066792	75250400
513	279.352936	0.016546325	76452400
514	279.410156	0.00020483	79514200
515	273.841125	-0.019931384	95870800
516	268.998016	-0.017685835	144721100
517	272.217194	0.011967293	121977900
518	273.468628	0.004597189	111146300
519	281.798309	0.030459366	119703800
520	278.903931	-0.010271098	95189300
521	283.641907	0.016987842	85861700
522	281.683655	-0.006903959	78293900
523	282.218597	0.001899088	63958200
524	285.69574	0.012320744	88951400
525	289.946655	0.014879168	104817400
526	289.411682	-0.001845074	90405200
527	290.701294	0.004455978	119090800
528	291.87616	0.004041489	55758300
529	294.292969	0.008280255	74267200
530	298.209503	0.013308283	92567600
531	297.426208	-0.00262666	75794400
532	305.049072	0.025629429	150524700
533	308.736359	0.012087521	73641200
534	306.434235	-0.007456602	77479200
535	304.724304	-0.005580091	95000800
536	287.157288	-0.057648884	209243600
537	290.596191	0.011975677	194678900
538	293.309082	0.009335604	135782700
539	298.95459	0.019247641	137627500
540	297.712799	-0.004153778	83398900
541	297.827423	0.000385015	80828700
542	296.125366	-0.00571491	135549600
543	298.025055	0.006415151	74649400
544	299.397095	0.004603774	68471200
545	291.759888	-0.025508621	132813500
546	294.887634	0.010720274	89468000
547	287.883636	-0.023751413	127961000
548	292.114807	0.014697504	79773300
549	295.85672	0.012809734	113394800
550	297.929077	0.007004597	72396500
551	299.569824	0.005507173	69344200
552	304.194366	0.015437276	61713800
553	301.056946	-0.010313866	82910000
554	303.359619	0.007648629	54638600
555	301.632629	-0.00569288	83354200
556	304.712433	0.010210447	57550400
557	302.073914	-0.008659046	102997500
558	305.988525	0.012959116	93657000
559	308.799713	0.009187233	87196500
560	307.782745	-0.003293293	54622500
561	308.674957	0.002898837	62774900
562	311.169586	0.008081734	56308800
563	311.831604	0.002127515	57292200
564	313.606506	0.005691861	57792900
565	309.864716	-0.011931481	75738000
566	307.869019	-0.006440543	73766600
567	310.114166	0.00729254	48293000
568	308.147308	-0.006342367	57495000
569	311.937134	0.012298748	48454200
570	310.824158	-0.00356795	61861700
571	313.280365	0.00790224	84986800
572	315.458313	0.006952073	53077900
573	316.676819	0.003862653	41917900
574	318.643646	0.006210834	42697700
575	320.773712	0.00668479	43679400
576	321.003967	0.000717811	57308300
577	321.96344	0.002988976	44282100
578	319.305695	-0.008254804	69601100
579	323.757599	0.013942451	53774400
580	323.172272	-0.001807917	41816100
581	323.181885	2.97457E-05	47260400
582	324.208496	0.003176573	35481000
583	324.908997	0.00216065	38733900
584	323.556091	-0.004163954	68054200
585	324.563507	0.003113575	42207800
586	325.714844	0.00354734	55106600
587	329.015442	0.010133398	48588700
588	330.166748	0.003499246	38463400
589	333.476776	0.010025322	50790200
590	334.206024	0.002186803	58034100
591	336.364777	0.006459348	48588900
592	335.146271	-0.003622573	66099200
593	338.302887	0.009418622	54908700
594	343.196075	0.014463926	69540000
595	331.385223	-0.034414298	148011100
596	328.679565	-0.008164691	139156300
597	319.699097	-0.027322867	114465300
598	326.012329	0.019747419	91462300
599	320.351532	-0.017363751	90569500
600	320.514618	0.000509085	84680200
601	324.736206	0.013171281	65605700
602	326.376892	0.005052365	52920900
603	325.081665	-0.003968501	82096000
604	322.222412	-0.008795491	91523300
605	318.512787	-0.011512623	105877900
606	314.967896	-0.011129509	99450800
607	318.175659	0.010184413	63612100
608	310.796844	-0.02319101	93112200
609	311.625275	0.002665506	76681300
610	316.6633	0.016166933	71069400
611	321.922852	0.016609288	64584600
612	320.169647	-0.005446041	51304000
613	322.597198	0.007582077	104081100
614	324.668243	0.00641991	88698700
615	321.585724	-0.009494366	89431100
616	327.288391	0.017732961	45713100
617	322.635651	-0.014216025	90128900
618	328.251709	0.017406812	56999600
619	331.160828	0.008862464	45242500
620	334.118164	0.008930211	59528600
621	339.493286	0.016087488	80388500
622	337.277771	-0.006525946	73255500
623	335.158508	-0.006283435	57727900
624	334.744263	-0.001235967	60357700
625	334.542023	-0.000604163	89501900
626	329.455841	-0.015203417	68425600
627	330.775543	0.004005702	60051900
628	330.149384	-0.001893003	63575000
629	331.960388	0.005485408	55399300
630	333.087433	0.003395119	49143900
631	326.932007	-0.018479911	91473000
632	325.804901	-0.003447524	65994100
633	314.66925	-0.034178893	127094300
634	317.867432	0.010163631	90597700
635	314.553711	-0.010424852	120287300
636	318.079376	0.011208467	86068300
637	323.695282	0.017655675	93294200
638	330.929657	0.022349337	126959700
639	337.383728	0.019502849	82039700
640	337.306702	-0.000228304	74973000
641	341.545135	0.012565517	172304200
642	341.04422	-0.001466614	85552000
643	343.577698	0.007428591	58649000
644	340.244659	-0.009700976	67546200
645	344.95517	0.013844482	62892200
646	349.261108	0.012482602	74541100
647	347.382721	-0.005378174	66111000
648	343.201965	-0.012035014	70591300
649	344.647003	0.00421046	59940900
650	342.286896	-0.006847896	70417300
651	344.338684	0.005994352	63230600
652	349.887238	0.016113653	62415900
653	349.347809	-0.001541722	45330900
654	350.32074	0.002784992	28514100
655	348.769867	-0.004427009	83872700
656	352.584473	0.010937315	74231400
657	353.326263	0.002103865	45927000
658	353.229889	-0.000272762	62882000
659	356.273865	0.008617549	50749900
660	355.541748	-0.002054928	48944300
661	356.582184	0.00292634	42458900
662	353.384003	-0.008968987	74098300
663	353.268433	-0.000327038	57735400
664	352.854156	-0.001172697	57698600
665	351.274445	-0.004476952	69216200
666	356.023438	0.013519324	63865300
667	356.582184	0.001569408	58420500
668	358.576141	0.005591858	64119500
669	357.144409	-0.003992826	136542300
670	355.867462	-0.003575436	96386700
671	355.26767	-0.001685436	47949000
672	355.586914	0.000898601	46201400
673	356.970276	0.003890363	26457900
674	360.036957	0.008590858	39000400
675	359.350098	-0.001907746	53680500
676	359.862793	0.001426728	49455300
677	361.691193	0.005080825	78520700
678	356.76709	-0.013614108	110210800
679	359.224274	0.006887362	66426200
680	361.371948	0.005978644	107997700
681	366.740997	0.014857404	68766800
682	368.830536	0.005697588	71677200
683	366.34436	-0.0067407	51034700
684	366.421753	0.000211258	52547700
685	367.408478	0.002692867	45303600
686	366.121857	-0.003501882	49989100
687	363.451904	-0.007292526	107160000
688	366.305664	0.007851823	51233300
689	371.374847	0.013838669	61836100
690	371.713379	0.000911564	47840100
691	370.397736	-0.003539402	52860500
692	371.858551	0.003943909	70402000
693	371.278107	-0.001560927	42665300
694	362.203918	-0.02444041	123351100
695	365.31897	0.008600271	94198100
696	358.005402	-0.020019678	126765100
697	363.964539	0.016645383	75817600
698	369.111176	0.01414049	64450700
699	369.401367	0.000786189	52427100
700	373.599854	0.011365651	47142600
701	375.070282	0.003935837	48669800
702	377.779053	0.007222036	38365200
703	377.527496	-0.000665884	35551100
704	377.363068	-0.000435539	59154400
705	377.972443	0.001614824	42913300
706	379.839569	0.004939847	50593300
707	379.510651	-0.000865939	50972400
708	379.597778	0.000229577	52290600
709	377.982178	-0.004256084	59712800
710	377.314636	-0.001766067	83241000
711	374.412476	-0.007691618	67414200
712	374.867126	0.001214302	107284100
713	378.997955	0.011019449	72433900
714	369.865662	-0.02409589	146670500
715	367.9599	-0.005152579	152701600
716	376.879333	0.024240231	105348800
717	373.938507	-0.007803097	79595300
718	368.985382	-0.013245828	119940200
719	364.41922	-0.012374913	183433000
720	371.123322	0.018396675	152039600
721	369.275604	-0.004978717	123149200
722	374.547943	0.014277518	113633600
723	376.879333	0.006224544	109899400
724	380.700562	0.010139131	86245000
725	381.213287	0.001346793	64653600
726	383.486633	0.005963449	73427200
727	383.003021	-0.001261092	73722500
728	384.30896	0.003409736	97959300
729	378.717407	-0.01454963	115349100
730	378.016693	-0.001850229	113624500
731	381.035126	0.00798492	73778600
732	378.036072	-0.007870807	90686600
733	376.114319	-0.005083518	97588600
734	378.230194	0.005625617	116128600
735	384.325348	0.016114932	114409100
736	384.131287	-0.000504939	108107600
737	383.112152	-0.00265309	76262200
738	384.66507	0.004053429	112734200
739	388.819061	0.010798982	99682900
740	394.399872	0.014353234	91684800
741	394.166901	-0.000590697	62021000
742	394.623077	0.001157317	55836300
743	396.496277	0.004746808	57863100
744	399.378845	0.007270101	61104600
745	399.524475	0.000364641	56704900
746	400.708527	0.002963653	56551000
747	399.340057	-0.003415126	61659900
748	403.629944	0.010742441	60229800
749	404.979034	0.003342393	82037300
750	402.98941	-0.004912906	78498500
751	400.038849	-0.007321684	81851800
752	403.824036	0.009462049	66793000
753	400.135864	-0.009133117	97582800
754	404.474304	0.010842417	73209200
755	405.318726	0.002087702	52182400
756	405.231354	-0.000215564	51303100
757	405.114899	-0.000287379	51238900
758	407.696594	0.006372748	78544300
759	405.017853	-0.006570428	85527000
760	405.891388	0.002156781	68128300
761	403.387268	-0.006169434	101591200
762	403.513428	0.000312752	60162200
763	406.735809	0.007985809	74321400
764	409.695953	0.007277805	67733800
765	405.639038	-0.009902258	81852400
766	402.018799	-0.00892478	116888000
767	393.477844	-0.021245163	134811000
768	398.204468	0.012012427	106394000
769	404.31897	0.015355182	82201600
770	403.290253	-0.00254432	65129200
771	399.815613	-0.00861573	59810200
772	398.767365	-0.002621829	106467100
773	403.057281	0.010757942	78022200
774	402.727295	-0.000818707	76578700
775	406.832825	0.010194318	51376700
776	405.930176	-0.002218722	57451400
777	406.735809	0.001984659	43088600
778	406.949249	0.000524763	56707700
779	407.677246	0.001788913	58520200
780	407.318115	-0.00088092	54216600
781	407.958618	0.001572488	49097100
782	406.44458	-0.003711254	58138800
783	410.161835	0.009145786	55938800
784	409.763977	-0.000970002	51555000
785	409.851288	0.000213076	47134300
786	409.239807	-0.001491958	48436300
787	411.142151	0.004648482	51020100
788	411.821564	0.001652501	45570800
789	412.743622	0.002238975	42358500
790	411.986572	-0.001834189	51508500
791	409.686249	-0.00558349	80386100
792	409.550385	-0.000331629	90949700
793	404.025391	-0.013490389	118676300
794	409.809387	0.014315922	72822000
795	412.000305	0.005346188	57700300
796	411.503784	-0.001205147	49445400
797	413.93811	0.005915683	45110300
798	415.408417	0.003551997	58129500
799	416.24585	0.002015927	53159600
800	416.469849	0.000538141	35970500
801	416.820374	0.000841658	64827900
802	419.128174	0.005536678	53441000
803	422.331726	0.007643371	57697700
804	421.562469	-0.001821452	68710400
805	423.052307	0.003534086	63549500
806	419.605286	-0.008147978	97595200
807	424.084534	0.010674908	76238600
808	425.603546	0.003581861	52889600
809	424.152649	-0.003409034	52911300
810	424.785553	0.001492161	64130400
811	423.334717	-0.003415455	55126400
812	420.014252	-0.007843592	75874700
813	413.811493	-0.014767973	147987000
814	419.741577	0.014330399	99608200
815	423.139954	0.008096355	64724400
816	424.026093	0.002094198	47878500
817	428.388458	0.010287964	63766600
818	429.440094	0.002454865	43719200
819	427.48288	-0.004557595	67397100
820	427.307556	-0.000410131	52472400
821	429.079773	0.004147404	47435300
822	426.996033	-0.0048563	68951200
823	426.100128	-0.002098158	58783300
824	429.566681	0.008135536	58053900
825	427.453674	-0.004918927	46732200
826	430.160645	0.006332782	38969700
827	430.87146	0.001652441	46930000
828	430.520966	-0.000813454	41222600
829	431.056488	0.001243893	43339300
830	432.127594	0.002484839	44034300
831	433.422668	0.002996971	38909400
832	434.211395	0.001819764	39470300
833	435.233856	0.002354754	73740000
834	432.380798	-0.00655523	92673900
835	427.648376	-0.010945033	89351900
836	428.310516	0.001548328	92812200
837	431.718597	0.007957033	72008700
838	435.516235	0.008796559	54973000
839	436.207611	0.001587486	38744700
840	437.122925	0.002098345	40529700
841	434.542511	-0.005903177	57829600
842	438.427734	0.00894095	77235100
843	440.355774	0.004397623	48357400
844	439.703339	-0.001481609	59300200
845	439.937012	0.000531433	48721400
846	441.290527	0.003076611	42501000
847	441.18338	-0.000242804	47170500
848	439.605927	-0.003575504	51671500
849	439.070404	-0.001218189	56181900
850	437.191132	-0.004280115	57970400
851	433.744049	-0.007884613	89948200
852	434.854095	0.002559219	83738600
853	432.507355	-0.005396615	78197100
854	436.119965	0.008352713	78792200
855	435.428619	-0.00158522	77786700
856	431.187073	-0.009741082	118425000
857	423.997375	-0.016674197	166445500
858	423.596893	-0.000944539	92526100
859	427.728943	0.009754675	102350100
860	432.925873	0.012150055	76396000
861	433.639008	0.001647245	62094800
862	432.398407	-0.002860907	61371100
863	423.684723	-0.02015198	130436300
864	424.397888	0.001683245	82329200
865	419.210724	-0.012222408	140506000
866	424.192749	0.011884298	129240100
867	418.722321	-0.01289609	128570000
868	423.079132	0.010405013	90682500
869	424.837463	0.004156033	113032200
870	428.510468	0.008645671	72437500
871	427.728943	-0.001823818	74557400
872	424.632324	-0.007239676	65233300
873	423.587097	-0.002461487	71181200
874	425.110992	0.003597595	72974000
875	432.261627	0.016820631	70236800
876	435.55365	0.007615811	66260200
877	436.843109	0.002960506	62213200
878	440.213318	0.007714919	46996800
879	441.942322	0.00392765	49571600
880	443.095032	0.002608282	41305400
881	442.635895	-0.001036204	58845100
882	445.009705	0.005362895	45214500
883	445.410187	0.00089994	56075100
884	443.43692	-0.004430224	72438000
885	447.715607	0.009648919	51437900
886	448.624023	0.002029002	70162400
887	449.395813	0.001720349	48433600
888	451.212738	0.004043039	48908400
889	453.967529	0.006105304	52509800
890	456.106873	0.004712549	52847100
891	457.689362	0.003469557	66390600
892	458.080078	0.000853671	50405200
893	456.565948	-0.003305383	51149100
894	452.892944	-0.008044849	69429700
895	453.039459	0.000323509	34848500
896	456.458466	0.007546819	53466700
897	456.614777	0.000342443	46980500
898	458.421997	0.003957866	48857500
899	457.30838	-0.00242924	47858300
900	458.861603	0.003396446	50625600
901	458.041046	-0.001788245	57315600
902	456.751587	-0.00281516	72762000
903	457.357208	0.001325931	73206500
904	458.578308	0.002669904	61858800
905	448.350586	-0.022303109	112669600
906	453.850311	0.012266573	86268800
907	445.01944	-0.019457673	148559600
908	440.076508	-0.011107227	131939200
909	446.816895	0.015316398	127637800
910	442.928955	-0.008701417	137331600
911	448.174713	0.01184334	98977500
912	457.445099	0.020684759	95484700
913	458.656433	0.002648042	72238800
914	455.559784	-0.006751566	61272600
915	459.848175	0.009413454	77159800
916	455.774719	-0.008858263	87724700
917	452.638977	-0.006880026	97264100
918	459.711487	0.015625057	116899300
919	455.657471	-0.008818609	116568600
920	450.807953	-0.010642902	135511600
921	446.014343	-0.010633375	107134800
922	453.93512	0.017759019	69806300
923	458.473907	0.009998757	58890200
924	461.326508	0.006221948	56439700
925	467.855286	0.014152185	56808600
926	467.472992	-0.00081712	47274600
927	468.070953	0.001279135	54503000
928	466.776978	-0.002764485	55329000
929	465.600616	-0.00252018	65237400
930	468.296417	0.005789943	72668200
931	468.139557	-0.000334959	71178700
932	459.150299	-0.01920209	104538900
933	458.718933	-0.000939488	86858900
934	456.905396	-0.003953482	85111600
935	456.336853	-0.001244334	119362000
936	460.493317	0.009108324	74303100
937	461.738251	0.002703479	67605400
938	455.376099	-0.013778698	91173100
939	455.562408	0.000409132	95890900
940	447.494568	-0.017709626	109709100
941	442.847961	-0.010383605	109357600
942	437.946503	-0.011068038	122379700
943	429.349335	-0.019630635	202271200
944	431.172668	0.004246735	251783900
945	425.908478	-0.012209007	167997300
946	424.840027	-0.00250864	186391100
947	422.742157	-0.004938023	149878300
948	433.241119	0.02483538	164457400
949	441.04425	0.018011058	152251400
950	444.024353	0.006756925	123155400
951	448.337646	0.009714091	117361000
952	437.799469	-0.023505001	118024400
953	439.858093	0.004702208	118454400
954	438.446503	-0.003209194	84472900
955	442.053955	0.008227804	81012000
956	448.523895	0.014636087	92589900
957	440.465851	-0.017965696	140103700
958	431.780457	-0.019718655	153214600
959	430.368835	-0.003269305	123006300
960	437.309326	0.016126844	88482700
961	437.799469	0.001120815	84863600
962	428.447479	-0.021361355	102259100
963	425.673218	-0.006475148	132642900
964	421.105042	-0.01073165	124391800
965	413.635223	-0.017738612	132578000
966	419.860077	0.015049139	213942900
967	429.12384	0.022063929	121804500
968	428.02594	-0.002558469	145615000
969	421.506958	-0.015230343	137785900
970	429.261139	0.01839633	117726500
971	427.124054	-0.00497852	105501700
972	423.653839	-0.008124607	113978200
973	411.164856	-0.029479216	137896600
974	408.047546	-0.007581655	164772700
975	418.987579	0.026810682	116990800
976	417.095642	-0.004515497	93972700
977	411.792267	-0.012715009	95636300
978	408.782745	-0.00730835	95729200
979	417.772034	0.021990383	106219100
980	427.035828	0.02217428	144954800
981	432.378479	0.012511013	102676900
982	437.114197	0.010952714	106345500
983	436.986359	-0.000292459	88349800
984	442.099701	0.011701377	74650400
985	436.406189	-0.012878344	79426100
986	442.984711	0.01507431	64736900
987	445.148102	0.00488367	77101300
988	448.314423	0.007112961	68529800
989	453.860443	0.012370827	86581500
990	451.057983	-0.006174717	79666900
991	444.115601	-0.015391329	121699900
992	445.374268	0.002834098	89048800
993	449.189606	0.008566588	59601000
994	443.515717	-0.01263139	74214500
995	439.080872	-0.009999296	106898000
996	441.293365	0.005038919	78097200
997	440.113403	-0.002673872	79272700
998	432.590851	-0.017092304	89770500
999	430.988007	-0.003705219	84363600
1000	435.924377	0.011453613	74070400
1001	430.496307	-0.012451862	97869500
1002	430.673309	0.000411158	66002500
1003	437.625549	0.016142723	77821000
1004	437.301025	-0.000741556	65224400
1005	430.76181	-0.014953578	85417300
1006	418.942047	-0.027439208	132471800
1007	421.370972	0.005797759	119647700
1008	409.167694	-0.028960889	103996300
1009	410.318176	0.002811762	122030000
1010	420.682587	0.025259449	105449100
1011	405.135956	-0.036955727	145491100
1012	407.574677	0.006019513	158312500
1013	409.443054	0.004584134	100028200
1014	421.911743	0.030452804	144247900
1015	406.915833	-0.035542765	172929100
1016	404.48703	-0.005968809	151770800
1017	391.536407	-0.0320174	155586100
1018	392.441101	0.002310625	132497200
1019	386.206696	-0.015886218	142361000
1020	385.803528	-0.001043918	125090800
1021	395.027252	0.023907827	104174400
1022	393.424377	-0.004057631	78622400
1023	401.517303	0.020570474	83029700
1024	385.331512	-0.040311565	117674500
1025	382.971527	-0.006124557	98510700
1026	383.138672	0.000436442	131432200
1027	390.30722	0.018710061	76414900
1028	387.327728	-0.00763371	91448800
1029	390.749725	0.008834888	91472900
1030	398.557465	0.019981434	82168300
1031	408.341675	0.024549057	84768700
1032	406.050476	-0.005610985	95937000
1033	402.766144	-0.008088482	86585800
1034	410.436188	0.019043418	79609600
1035	403.700287	-0.016411567	71874300
1036	404.929504	0.003044875	57508900
1037	408.81366	0.009592178	59272400
1038	404.368988	-0.010872122	64350000
1039	394.751953	-0.02378282	86289800
1040	383.305817	-0.028995768	132893900
1041	368.752441	-0.037968054	170004900
1042	367.641266	-0.003013336	104011800
1043	372.882477	0.014256319	125666800
1044	360.541534	-0.033096066	134473300
1045	361.318756	0.002155707	111113900
1046	370.414429	0.025173542	76811900
1047	369.742889	-0.001812942	90059400
1048	373.36734	0.009802625	79292100
1049	385.238129	0.03179386	98050300
1050	383.766632	-0.003819708	66009600
1051	375.925171	-0.020432889	86548900
1052	375.619019	-0.000814396	65676000
1053	372.567383	-0.008124285	112508300
1054	376.507843	0.010576503	74839700
1055	377.218903	0.001888566	81438000
1056	378.49292	0.003377394	70426200
1057	384.161652	0.014977115	64525900
1058	383.845642	-0.000822596	72397800
1059	379.460754	-0.011423571	58366900
1060	376.102936	-0.00884892	62219200
1061	374.127777	-0.005251645	84224600
1062	373.219177	-0.002428582	89704800
1063	380.349579	0.019105133	79060400
1064	377.209045	-0.008256967	63203600
1065	387.400909	0.02701914	78506000
1066	389.869904	0.00637323	71843800
1067	393.840027	0.010183199	64903900
1068	390.185944	-0.009278089	72197300
1069	390.660004	0.001214959	53631500
1070	386.038086	-0.01183105	52946400
1071	396.062103	0.025966394	82342100
1072	401.029663	0.012542376	73966600
1073	406.87619	0.014578789	87003700
1074	405.671326	-0.002961255	69997500
1075	402.994965	-0.006597363	63435400
1076	409.305634	0.015659424	67820600
1077	409.029144	-0.00067551	45656600
1078	408.337799	-0.00169021	56814900
1079	407.863739	-0.001160951	53886100
1080	406.24411	-0.003971005	44931800
1081	414.776855	0.021003985	68665700
1082	414.776855	0	59489700
1083	421.798645	0.016929079	61694500
1084	423.536774	0.004120755	54048300
1085	424.366364	0.00195872	59289000
1086	421.354187	-0.007098058	63563400
1087	422.578827	0.002906438	49023200
1088	416.900208	-0.013438011	68016900
1089	408.219299	-0.020822511	77695600
1090	407.23172	-0.002419236	49105200
1091	408.535309	0.003201099	49177800
1092	414.302856	0.014117622	50942300
1093	400.279114	-0.033849011	103087000
1094	397.632385	-0.006612209	65370800
1095	393.267212	-0.010977911	85652400
1096	390.274841	-0.007609002	76029700
1097	391.499451	0.003137814	78740100
1098	387.371307	-0.010544444	99632100
1099	385.909729	-0.003773067	76637400
1100	392.84256	0.017964903	70964200
1101	395.410278	0.006536252	80821700
1102	401.553101	0.015535314	76706900
1103	405.868866	0.010747682	69256300
1104	388.220642	-0.043482576	122947100
1105	389.702026	0.00381583	85023700
1106	385.277618	-0.01135331	87633800
1107	382.338379	-0.007628886	103084800
1108	385.303406	0.007754981	73278500
1109	380.880676	-0.011478565	77274900
1110	374.236664	-0.017443815	106746600
1111	371.09314	-0.008399829	89472600
1112	364.875549	-0.016754799	122346900
1113	361.265961	-0.009892655	92581200
1114	360.34375	-0.00255272	108294100
1115	367.43399	0.019676323	110802200
1116	359.758667	-0.020888985	112952300
1117	354.195526	-0.015463536	153711200
1118	363.546722	0.026401226	89756500
1119	374.811829	0.030986683	103602800
1120	373.939178	-0.002328238	88065700
1121	370.081665	-0.010315884	82333500
1122	359.758667	-0.027893838	107789500
1123	357.01178	-0.00763536	76042800
1124	354.750824	-0.006333001	92482800
1125	353.580688	-0.003298473	76991800
1126	362.912079	0.026391122	147254500
1127	354.641785	-0.022788699	123737000
1128	363.754974	0.025696885	93168200
1129	368.028961	0.011749632	97162900
1130	365.420959	-0.007086404	79746900
1131	362.356781	-0.008385337	88283100
1132	371.162567	0.024301425	131038400
1133	375.704285	0.012236466	85436900
1134	381.703766	0.015968625	78846300
1135	378.827942	-0.007534178	104087300
1136	376.805054	-0.00533986	81971800
1137	385.76947	0.023790594	100302000
1138	382.982941	-0.007223301	96631300
1139	381.307068	-0.004375842	85407600
1140	371.737701	-0.025096222	126990400
1141	367.909973	-0.010296852	87100100
1142	373.205353	0.014393141	103505200
1143	376.775269	0.009565554	68286900
1144	378.808136	0.005395436	84641100
1145	371.003906	-0.020602065	78495500
1146	391.39212	0.054954176	141455800
1147	395.180206	0.009678493	93839900
1148	391.818512	-0.008506737	71903500
1149	395.16037	0.008529097	93194500
1150	392.145752	-0.007628847	68508500
1151	390.945862	-0.003059806	74496300
1152	392.720917	0.004540411	92922500
1153	391.292938	-0.003636116	51243200
1154	396.558563	0.01345699	60429000
1155	399.057526	0.006301624	68261600
1156	398.968262	-0.000223687	30545400
1157	392.601929	-0.015956991	67881600
1158	391.927612	-0.001717559	52310000
1159	404.27359	0.031500659	144566700
1160	403.976074	-0.000735927	76398200
1161	403.51001	-0.001153692	85342700
1162	396.25116	-0.017989269	77289800
1163	390.539276	-0.014414807	77972200
1164	389.874908	-0.001701155	65927900
1165	392.929169	0.007833951	60737900
1166	389.993896	-0.007470234	81447700
1167	395.616516	0.0144172	75405800
1168	398.611298	0.007569911	123782500
1169	396.062744	-0.006393582	108111300
1170	386.37439	-0.024461665	117705900
1171	381.812805	-0.011806127	119858000
1172	378.575165	-0.008479653	79878100
1173	379.093201	0.001368383	74427200
1174	384.761566	0.014952431	78167400
1175	379.272491	-0.014266173	100120900
1176	381.454193	0.005752334	59857300
1177	379.949921	-0.003943519	51638200
1178	375.227936	-0.012427914	70911500
1179	381.982178	0.018000371	66970900
1180	380.975983	-0.002634141	84022200
1181	379.372131	-0.004209851	74850700
1182	382.300964	0.007720211	85934100
1183	377.937592	-0.011413448	76970500
1184	386.604492	0.022932093	104189600
1185	386.385345	-0.000566851	73978100
1186	389.095001	0.007012833	65358100
1187	394.016235	0.012647898	68881100
1188	395.450745	0.003640738	90157700
1189	396.984894	0.003879495	63903900
1190	396.25766	-0.001831893	62677300
1191	390.001556	-0.01578797	99632300
1192	387.162415	-0.00727982	86958900
1193	394.374878	0.018629037	91806400
1194	399.106812	0.011998569	84178800
1195	398.678436	-0.001073337	59524900
1196	398.827881	0.000374851	84800300
1197	403.211151	0.01099038	72287400
1198	404.137604	0.002297687	68346200
1199	399.066956	-0.012546835	74202000
1200	404.93457	0.014703332	86811800
1201	409.238129	0.010627789	101459200
1202	415.195404	0.014556989	101654500
1203	410.782257	-0.010629084	94736800
1204	408.27182	-0.006111357	60295300
1205	413.61145	0.013078615	90990700
1206	409.088715	-0.010934743	76227500
1207	405.542236	-0.008669217	78694900
1208	406.488647	0.002333693	70769700
1209	411.260406	0.011738972	64913500
1210	411.071167	-0.000460144	88389300
1211	412.406067	0.00324737	61555700
1212	406.727722	-0.01376882	76431500
1213	405.711609	-0.002498263	89257800
1214	397.572662	-0.020060917	82655900
1215	397.02475	-0.001378143	83742300
1216	399.136688	0.005319411	96242400
1217	394.872955	-0.010682388	108194400
1218	396.217834	0.003405852	80444700
1219	394.753418	-0.003695987	96438600
1220	393.239197	-0.003835865	99706800
1221	396.297516	0.007777249	85127800
1222	402.653259	0.016037807	90120000
1223	402.93222	0.000692807	72795900
1224	396.755768	-0.015328762	108310600
1225	397.40332	0.001632117	74746600
1226	390.071289	-0.018449848	111945300
1227	384.44278	-0.014429437	189253000
1228	383.894836	-0.001425294	157790000
1229	390.240662	0.016530116	149752400
1230	387.799957	-0.006254358	172996900
1231	394.603973	0.01754517	143254200
1232	389.98999	-0.011692693	140553400
1233	393.73999	0.009615631	93055800
1234	398.910004	0.013130528	91524200
1235	392.109985	-0.017046499	111746600
1236	393.170013	0.002703395	119351300
1237	395.75	0.006562014	107682400
1238	396.48999	0.001869842	74010400
1239	395.600006	-0.002244657	62871700
1240	401.350006	0.014534884	77497900
1241	403.700012	0.005855253	69840000
1242	409.390015	0.014094632	111974600
1243	410.950012	0.00381054	67391100
1244	408.670013	-0.005548118	66601500
1245	407.600006	-0.002618266	65200200
1246	409.190002	0.003900873	63743300
1247	409.609985	0.001026376	63681000
1248	409.720001	0.000268587	59297900
1249	408.049988	-0.004075986	86420400
1250	413.470001	0.013282718	85814800
1251	412.459991	-0.002442765	78129500
1252	413.940002	0.003588253	66436400
1253	414.209991	0.000652242	63560000
1254	414.140015	-0.000168938	55227300
1255	411.880005	-0.005457116	75840400
1256	412.200012	0.000776942	73436100
1257	412.630005	0.001043166	64332100
1258	406.079987	-0.015873829	97766700
